-55.187856 152.186206 10.641525
-55.080968 152.47988 10.641525
-4.225256 129.990608 10.641525
-4.032267 129.982934 10.641525
-4.088896 129.829459 -10.641525
-3.895907 129.821785 -10.641525
-55.158935 152.265665 -10.641525
-55.052047 152.559339 -10.641525
-5.560155 131.981359 10.641525
-5.430217 131.97668 10.641525
-5.32164 131.614533 -10.641525
-5.191702 131.609854 -10.641525
-6.248876 133.410702 10.641525
-6.127299 133.437832 10.641525
-6.307511 133.249604 -10.641525
-6.185934 133.276735 -10.641525
-7.159824 134.243509 10.641525
-7.038607 134.277167 10.641525
-7.158726 134.246525 -10.641525
-7.037509 134.280183 -10.641525
-38.407604 144.594524 10.641525
-38.324344 144.716204 10.641525
-38.378683 144.673983 -10.641525
-38.295423 144.795663 -10.641525
-52.269704 151.452186 10.641525
-52.435 151.59696 10.641525
-52.240784 151.531646 -10.641525
-52.406079 151.67642 -10.641525
-0.850205 130.433065 0.207949
-4.203726 134.324296 0.207949
-5.56431 134.984631 0.207949
-6.631936 135.394486 0.207949
-38.00697 145.588181 0.207949
-52.117626 152.468938 0.207949
-12.291649 136.163828 10.641525
-12.176752 136.212144 10.641525
-12.305724 136.125156 -10.641525
-12.190828 136.173472 -10.641525
-11.855961 137.093512 0.207949
-9.697155 135.326279 10.641525
-9.579115 135.367307 10.641525
-9.554857 135.717238 -10.641525
-9.436818 135.758266 -10.641525
-9.231122 136.323412 0.207949
-1.296067 130.238319 -4.107958
-4.318472 134.009034 -4.107958
-5.685275 134.652283 -4.107958
-6.666789 135.298728 -4.107958
-38.121716 145.272919 -4.107958
-52.232373 152.153675 -4.107958
-11.98917 136.727521 -4.107958
-9.312947 136.098597 -4.107958
-2.329035 130.390099 6.239582
-4.387199 133.820208 6.239582
-5.747784 134.480543 6.239582
-6.817385 134.884969 6.239582
-38.190443 145.084093 6.239582
-52.3011 151.964849 6.239582
-12.04141 136.583995 6.239582
-9.432296 135.770689 6.239582
-2.680764 130.016469 -7.587791
-4.783562 132.73121 -7.587791
-5.863582 134.16239 -7.587791
-6.834987 134.836607 -7.587791
-38.214234 145.018728 -7.587791
-52.32489 151.899485 -7.587791
-12.096575 136.43243 -7.587791
-9.378922 135.917334 -7.587791
-1.97361 130.129766 -5.810669
-4.546044 133.383784 -5.810669
-5.702412 134.6052 -5.810669
-6.763402 135.033286 -5.810669
-38.166986 145.148541 -5.810669
-52.277642 152.029298 -5.810669
-12.041724 136.583131 -5.810669
-9.345229 136.009904 -5.810669
-1.096627 130.325431 -2.177394
-4.267144 134.150055 -2.177394
-5.631166 134.800947 -2.177394
-6.651198 135.341562 -2.177394
-38.070389 145.41394 -2.177394
-52.142584 152.400366 -2.177394
-11.902009 136.966994 -2.177394
-9.276346 136.19916 -2.177394
